
//关--->自动风，温度26，除湿 
uint16_t rawData[199] = {4430, 4446,  546, 1622,  548, 532,  544, 1622,  544, 1622,  546, 554,  520, 554,  524, 1644,  522, 554,  524, 530,  546, 1644,  524, 530,  546, 532,  546, 1644,  524, 1622,  546, 530,  546, 1618,  548, 532,  546, 530,  548, 532,  546, 1644,  524, 1620,  548, 1644,  524, 1642,  524, 1618,  548, 1620,  546, 1620,  546, 1620,  546, 530,  546, 554,  524, 554,  522, 554,  524, 530,  548, 1618,  550, 1620,  544, 554,  524, 1620,  546, 554,  522, 1622,  544, 554,  524, 530,  546, 530,  546, 554,  524, 1622,  546, 532,  546, 1642,  524, 532,  546, 1620,  546, 1620,  548, 5246,  4454, 4474,  524, 1644,  524, 530,  548, 1620,  548, 1618,  548, 528,  548, 532,  546, 1644,  524, 530,  546, 554,  524, 1620,  546, 552,  524, 530,  546, 1644,  522, 1622,  544, 530,  548, 1618,  548, 532,  546, 552,  524, 530,  546, 1644,  524, 1620,  546, 1618,  548, 1618,  548, 1646,  522, 1644,  524, 1644,  524, 1620,  548, 532,  544, 554,  524, 532,  544, 532,  546, 530,  548, 1620,  544, 1644,  524, 554,  522, 1620,  548, 530,  546, 1620,  550, 552,  524, 530,  546, 554,  524, 530,  546, 1622,  544, 534,  544, 1622,  546, 530,  544, 1622,  546, 1620,  546};  // COOLIX B21FD4

//自动风，温度26，除湿--->自动风，温度27，除湿 
uint16_t rawData[199] = {4456, 4446,  548, 1618,  548, 552,  526, 1642,  526, 1618,  548, 552,  524, 554,  524, 1620,  548, 552,  524, 532,  546, 1620,  548, 552,  524, 552,  524, 1644,  524, 1642,  522, 530,  548, 1642,  526, 530,  546, 552,  524, 530,  546, 1644,  524, 1642,  524, 1618,  548, 1618,  548, 1622,  546, 1644,  524, 1622,  546, 1644,  524, 552,  526, 528,  548, 552,  524, 528,  548, 530,  548, 1642,  524, 528,  550, 530,  548, 1620,  548, 552,  524, 1620,  546, 554,  524, 552,  524, 552,  524, 1642,  524, 1642,  524, 554,  522, 1620,  548, 552,  524, 1620,  548, 1620,  546, 5246,  4454, 4452,  546, 1618,  548, 528,  548, 1620,  546, 1620,  546, 532,  546, 530,  548, 1618,  548, 530,  546, 532,  546, 1622,  546, 552,  524, 552,  524, 1644,  524, 1620,  546, 530,  548, 1618,  548, 530,  546, 528,  548, 530,  546, 1618,  550, 1620,  546, 1618,  548, 1620,  546, 1620,  546, 1644,  524, 1618,  550, 1642,  526, 528,  546, 530,  548, 530,  548, 528,  550, 528,  548, 1620,  546, 530,  546, 552,  524, 1620,  548, 552,  524, 1644,  524, 530,  548, 528,  548, 532,  546, 1622,  546, 1644,  524, 554,  524, 1620,  546, 528,  550, 1618,  548, 1642,  524};  // COOLIX B21F94

//自动风，温度27，除湿--->自动风，温度28，除湿 
uint16_t rawData[199] = {4456, 4444,  550, 1618,  550, 528,  548, 1642,  524, 1620,  548, 528,  548, 552,  524, 1642,  526, 528,  548, 528,  548, 1642,  526, 528,  548, 528,  550, 1618,  550, 1620,  546, 552,  524, 1642,  524, 530,  548, 552,  524, 530,  548, 1642,  524, 1618,  550, 1618,  550, 1618,  548, 1620,  548, 1618,  548, 1618,  550, 1642,  524, 552,  524, 554,  524, 552,  524, 554,  524, 530,  548, 1642,  526, 526,  550, 552,  524, 552,  524, 552,  526, 1618,  548, 528,  550, 528,  548, 532,  546, 1642,  526, 1614,  550, 1644,  524, 1618,  548, 528,  550, 1642,  524, 1644,  524, 5270,  4432, 4472,  526, 1642,  524, 528,  550, 1644,  524, 1642,  524, 552,  526, 552,  526, 1618,  548, 552,  524, 530,  548, 1618,  548, 552,  524, 552,  524, 1642,  524, 1644,  526, 528,  548, 1618,  548, 552,  526, 530,  548, 528,  550, 1618,  550, 1618,  550, 1642,  524, 1642,  524, 1618,  548, 1642,  524, 1620,  548, 1618,  550, 528,  548, 526,  550, 552,  524, 552,  524, 552,  524, 1642,  524, 552,  526, 552,  526, 552,  524, 552,  524, 1642,  524, 552,  524, 552,  524, 528,  550, 1618,  548, 1620,  548, 1620,  548, 1618,  548, 526,  550, 1620,  548, 1618,  548};  // COOLIX B21F84

//自动风，温度26，除湿--->自动风，无温度，送风
uint16_t rawData[199] = {4456, 4448,  546, 1620,  546, 554,  500, 1668,  524, 1622,  544, 532,  522, 554,  546, 1644,  522, 532,  522, 556,  546, 1620,  546, 554,  524, 554,  524, 1622,  522, 1646,  542, 536,  544, 1622,  522, 1644,  546, 532,  522, 1668,  500, 1644,  522, 1644,  544, 1624,  544, 1622,  546, 1622,  544, 534,  544, 1622,  522, 554,  546, 532,  546, 554,  498, 578,  522, 532,  544, 530,  548, 1644,  522, 1624,  542, 1646,  522, 530,  546, 554,  522, 1644,  520, 532,  546, 556,  498, 554,  546, 554,  524, 532,  522, 1646,  544, 1644,  498, 578,  524, 1620,  546, 1644,  522, 5250,  4452, 4452,  544, 1622,  546, 530,  544, 1622,  546, 1622,  544, 532,  546, 530,  546, 1622,  544, 554,  522, 556,  522, 1622,  522, 578,  522, 532,  544, 1644,  500, 1644,  544, 534,  544, 1644,  522, 1624,  544, 554,  524, 1620,  546, 1622,  544, 1644,  500, 1668,  498, 1668,  500, 1642,  546, 532,  546, 1644,  522, 554,  524, 532,  544, 532,  546, 554,  522, 554,  522, 532,  542, 1648,  520, 1622,  546, 1618,  524, 554,  546, 530,  546, 1644,  522, 556,  522, 532,  544, 532,  546, 532,  546, 532,  546, 1622,  546, 1644,  524, 530,  548, 1644,  522, 1622,  544};  // COOLIX B2BFE4


/自动风，无温度，送风-->低风，无温度，送风
uint16_t rawData[199] = {4432, 4446,  548, 1644,  524, 530,  548, 1618,  550, 1618,  548, 528,  548, 530,  548, 1620,  544, 556,  524, 528,  548, 1620,  548, 530,  546, 554,  522, 1620,  548, 1620,  548, 528,  548, 1620,  548, 1620,  546, 530,  548, 554,  524, 1620,  546, 1620,  548, 1644,  524, 1620,  546, 1620,  546, 554,  524, 1642,  524, 1642,  526, 526,  550, 552,  524, 528,  548, 554,  524, 554,  522, 1622,  548, 1618,  548, 1618,  550, 530,  546, 554,  524, 1622,  544, 554,  524, 530,  548, 528,  550, 528,  548, 530,  546, 1644,  524, 1620,  548, 552,  524, 1642,  524, 1620,  546, 5248,  4454, 4474,  524, 1642,  524, 530,  546, 1642,  524, 1618,  548, 530,  548, 528,  548, 1620,  548, 530,  546, 554,  524, 1618,  550, 526,  550, 532,  546, 1620,  548, 1618,  550, 528,  546, 1622,  546, 1620,  548, 528,  548, 530,  546, 1644,  522, 1644,  524, 1618,  548, 1618,  548, 1618,  548, 530,  546, 1644,  524, 1618,  548, 530,  548, 528,  546, 528,  550, 552,  524, 530,  548, 1618,  548, 1620,  548, 1618,  548, 530,  548, 554,  524, 1620,  548, 530,  546, 552,  524, 552,  524, 530,  548, 552,  522, 1620,  548, 1618,  548, 530,  546, 1644,  524, 1620,  546};  // COOLIX B29FE4

/低风，无温度，送风-->高风，无温度，送风
uint16_t rawData[199] = {4454, 4472,  522, 1646,  522, 534,  542, 1644,  522, 1646,  522, 532,  522, 576,  524, 1644,  522, 532,  544, 554,  522, 1624,  544, 556,  524, 532,  544, 1624,  544, 1646,  520, 532,  546, 1624,  542, 530,  548, 532,  544, 1622,  544, 1622,  546, 1624,  544, 1624,  544, 1622,  544, 1646,  522, 1646,  498, 1646,  544, 554,  522, 554,  522, 554,  522, 534,  542, 532,  546, 554,  522, 1622,  522, 1668,  522, 1646,  522, 532,  544, 532,  544, 1622,  544, 534,  544, 556,  520, 534,  544, 556,  522, 554,  522, 1624,  520, 1668,  522, 534,  522, 1668,  498, 1648,  520, 5272,  4452, 4456,  542, 1622,  544, 556,  522, 1622,  544, 1624,  522, 578,  500, 554,  542, 1624,  522, 556,  522, 578,  522, 1646,  498, 554,  544, 556,  520, 1646,  520, 1622,  546, 532,  544, 1646,  522, 556,  520, 556,  520, 1646,  520, 1626,  522, 1644,  522, 1644,  522, 1668,  520, 1646,  522, 1646,  522, 1622,  544, 556,  520, 558,  498, 578,  500, 576,  500, 578,  522, 556,  522, 1622,  542, 1648,  522, 1644,  522, 532,  522, 578,  520, 1624,  542, 534,  544, 556,  524, 554,  500, 576,  500, 578,  522, 1646,  522, 1624,  544, 532,  544, 1646,  498, 1668,  500};  // COOLIX B23FE4


//关闭-->低风，无温度，送风
uint16_t rawData[199] = {4456, 4468,  524, 1642,  524, 552,  524, 1618,  548, 1642,  524, 552,  524, 530,  548, 1642,  524, 554,  524, 552,  524, 1620,  548, 528,  550, 528,  548, 1642,  526, 1618,  548, 530,  548, 1618,  550, 1618,  548, 528,  550, 552,  524, 1618,  550, 1642,  524, 1618,  550, 1642,  524, 1620,  548, 554,  524, 1642,  524, 1644,  524, 552,  524, 530,  548, 528,  548, 528,  550, 528,  550, 1642,  526, 1618,  548, 1620,  548, 528,  548, 552,  524, 1616,  550, 554,  524, 528,  548, 552,  524, 554,  524, 528,  550, 1618,  548, 1616,  550, 530,  548, 1618,  550, 1642,  524, 5244,  4458, 4472,  524, 1642,  524, 526,  550, 1618,  550, 1616,  550, 530,  548, 530,  548, 1618,  548, 552,  526, 528,  548, 1618,  548, 530,  548, 552,  524, 1618,  548, 1642,  524, 528,  548, 1620,  548, 1618,  548, 530,  548, 530,  548, 1618,  550, 1618,  550, 1642,  524, 1642,  524, 1616,  550, 528,  548, 1642,  524, 1642,  524, 552,  524, 528,  548, 528,  548, 552,  526, 528,  548, 1642,  524, 1618,  550, 1616,  552, 528,  548, 552,  524, 1642,  526, 528,  548, 528,  550, 528,  550, 528,  548, 530,  546, 1642,  526, 1642,  524, 530,  548, 1618,  548, 1642,  524};  // COOLIX B29FE4




















