


Protocol  : COOLIX
Code      : 0xB27BE0 (24 Bits)
Mesg Desc.: Power: Off  关空调
uint16_t rawData[199] = {4432, 4444,  548, 1642,  524, 552,  526, 1618,  548, 1642,  526, 526,  550, 526,  550, 1620,  548, 552,  524, 552,  524, 1620,  548, 528,  548, 552,  526, 1618,  548, 1616,  552, 528,  548, 1642,  526, 526,  552, 1618,  548, 1642,  524, 1642,  526, 1618,  548, 552,  526, 1616,  548, 1620,  548, 1616,  550, 552,  526, 528,  548, 552,  524, 554,  524, 1642,  526, 528,  548, 526,  550, 1620,  548, 1618,  550, 1642,  526, 552,  524, 528,  550, 526,  550, 552,  524, 528,  550, 550,  524, 528,  550, 528,  550, 1642,  524, 1642,  524, 1620,  548, 1620,  548, 1616,  552, 5244,  4456, 4448,  550, 1642,  524, 530,  548, 1642,  524, 1642,  524, 528,  548, 554,  524, 1618,  548, 530,  548, 552,  526, 1642,  524, 528,  548, 530,  548, 1618,  548, 1616,  550, 530,  548, 1618,  548, 552,  524, 1618,  550, 1618,  546, 1620,  548, 1642,  526, 528,  548, 1620,  548, 1620,  548, 1618,  548, 528,  548, 528,  550, 528,  548, 528,  548, 1642,  524, 530,  548, 552,  526, 1618,  548, 1642,  526, 1620,  544, 528,  548, 530,  548, 530,  548, 528,  548, 528,  548, 530,  548, 530,  548, 528,  548, 1618,  550, 1642,  524, 1642,  524, 1642,  526, 1618,  548};  // COOLIX B27BE0
//uint64_t data = 0xB27BE0;


Protocol  : COOLIX
Code      : 0xB2BFD0 (24 Bits)
Mesg Desc.: Power: On, Mode: 0 (Cool), Fan: 5 (Auto), Temp: 26C, Zone Follow: Off, Sensor Temp: Off
// 开机->制冷，自动风，温度26  
uint16_t rawData[199] = {4458, 4446,  548, 1642,  526, 552,  524, 1618,  548, 1616,  552, 526,  550, 528,  550, 1642,  526, 528,  548, 528,  548, 1618,  548, 528,  550, 552,  524, 1620,  548, 1642,  524, 530,  548, 1618,  548, 1618,  548, 552,  526, 1642,  526, 1642,  526, 1618,  550, 1618,  548, 1618,  548, 1618,  550, 526,  550, 1618,  548, 528,  550, 528,  548, 530,  548, 552,  524, 552,  524, 528,  548, 1618,  550, 1616,  550, 552,  524, 1642,  524, 530,  548, 530,  548, 528,  550, 552,  524, 528,  550, 528,  548, 1644,  524, 528,  550, 1642,  524, 1642,  524, 1616,  550, 1644,  524, 5268,  4432, 4450,  548, 1620,  548, 528,  550, 1642,  524, 1620,  548, 530,  546, 528,  550, 1640,  526, 528,  550, 528,  550, 1642,  524, 530,  546, 528,  550, 1642,  524, 1642,  524, 552,  524, 1642,  524, 1618,  548, 528,  548, 1618,  550, 1616,  550, 1620,  548, 1642,  526, 1620,  546, 1618,  548, 528,  550, 1642,  524, 552,  524, 552,  524, 552,  526, 552,  524, 526,  550, 552,  524, 1620,  546, 1644,  524, 528,  548, 1642,  524, 530,  548, 530,  546, 528,  548, 528,  550, 528,  548, 530,  548, 1618,  548, 530,  548, 1618,  548, 1616,  550, 1642,  524, 1620,  548};  // COOLIX B2BFD0
uint64_t data = 0xB2BFD0;




Protocol  : COOLIX
Code      : 0xB2BF90 (24 Bits)
Mesg Desc.: Power: On, Mode: 0 (Cool), Fan: 5 (Auto), Temp: 27C, Zone Follow: Off, Sensor Temp: Off
// 上一次为->制冷，自动风，温度26   --->>制冷，自动风，温度27 

uint16_t rawData[199] = {4434, 4442,  548, 1642,  526, 552,  526, 1616,  550, 1642,  526, 526,  550, 528,  550, 1616,  550, 528,  548, 530,  548, 1642,  524, 528,  548, 526,  550, 1620,  548, 1618,  550, 552,  526, 1616,  552, 1642,  524, 528,  548, 1620,  548, 1616,  550, 1620,  548, 1642,  524, 1642,  524, 1642,  524, 526,  550, 1618,  548, 528,  550, 552,  526, 526,  550, 528,  550, 526,  550, 552,  524, 1618,  550, 528,  550, 552,  524, 1618,  548, 528,  550, 552,  524, 552,  526, 552,  524, 528,  548, 1616,  550, 1618,  550, 528,  550, 1616,  550, 1618,  548, 1642,  526, 1642,  526, 5244,  4456, 4472,  524, 1618,  550, 528,  548, 1618,  548, 1642,  526, 552,  526, 526,  550, 1642,  526, 528,  550, 552,  524, 1644,  524, 526,  552, 528,  548, 1644,  524, 1642,  524, 552,  524, 1618,  548, 1618,  548, 552,  526, 1640,  526, 1642,  526, 1616,  550, 1642,  526, 1642,  524, 1618,  550, 528,  550, 1642,  526, 528,  548, 552,  524, 528,  550, 552,  524, 528,  548, 528,  548, 1642,  524, 552,  524, 528,  550, 1616,  552, 550,  526, 552,  526, 528,  550, 528,  550, 552,  526, 1642,  526, 1642,  524, 552,  526, 1642,  524, 1620,  548, 1642,  524, 1642,  524};  // COOLIX B2BF90
uint64_t data = 0xB2BF90;


Protocol  : COOLIX
Code      : 0xB2BF80 (24 Bits)
Mesg Desc.: Power: On, Mode: 0 (Cool), Fan: 5 (Auto), Temp: 28C, Zone Follow: Off, Sensor Temp: Off
// 上一次为->制冷，自动风，温度27  --->>制冷，自动风，温度28

uint16_t rawData[199] = {4456, 4446,  548, 1618,  550, 528,  548, 1642,  524, 1620,  546, 530,  546, 554,  524, 1644,  524, 530,  546, 528,  550, 1620,  548, 530,  548, 552,  524, 1620,  546, 1618,  548, 528,  548, 1618,  548, 1642,  524, 552,  524, 1620,  546, 1620,  548, 1618,  548, 1642,  524, 1644,  524, 1618,  548, 552,  524, 1620,  548, 528,  548, 554,  524, 530,  548, 552,  524, 532,  546, 552,  524, 1620,  546, 528,  550, 552,  522, 530,  546, 554,  524, 528,  550, 552,  524, 552,  526, 552,  524, 1618,  548, 1620,  548, 1618,  548, 1618,  550, 1618,  548, 1642,  524, 1620,  548, 5246,  4454, 4450,  548, 1618,  548, 528,  548, 1620,  548, 1620,  546, 530,  546, 530,  550, 1642,  524, 530,  548, 554,  522, 1620,  548, 552,  526, 528,  548, 1642,  524, 1620,  548, 528,  548, 1642,  524, 1644,  524, 530,  548, 1618,  548, 1642,  526, 1642,  526, 1642,  526, 1642,  524, 1618,  548, 530,  548, 1618,  548, 530,  548, 528,  550, 552,  524, 530,  548, 530,  546, 528,  548, 1618,  548, 530,  546, 532,  546, 554,  524, 530,  548, 528,  546, 532,  548, 552,  524, 530,  546, 1644,  522, 1620,  548, 1642,  524, 1618,  548, 1644,  524, 1620,  548, 1644,  524};  // COOLIX B2BF80
uint64_t data = 0xB2BF80;


Protocol  : COOLIX
Code      : 0xB2BF90 (24 Bits)
Mesg Desc.: Power: On, Mode: 0 (Cool), Fan: 5 (Auto), Temp: 27C, Zone Follow: Off, Sensor Temp: Off
// 上一次为->制冷，自动风，温度28 --->>制冷，自动风，温度27

uint16_t rawData[199] = {4434, 4442,  552, 1618,  550, 552,  526, 1616,  550, 1642,  526, 526,  550, 552,  526, 1618,  550, 552,  524, 526,  550, 1614,  554, 550,  526, 552,  526, 1642,  526, 1642,  524, 526,  552, 1642,  526, 1616,  550, 552,  524, 1642,  526, 1616,  550, 1642,  526, 1642,  526, 1616,  550, 1616,  550, 526,  552, 1618,  550, 528,  548, 528,  548, 528,  550, 528,  550, 552,  526, 552,  524, 1642,  524, 552,  526, 552,  524, 1616,  552, 524,  552, 528,  548, 552,  526, 528,  550, 526,  550, 1642,  526, 1614,  552, 552,  526, 1642,  524, 1618,  550, 1640,  526, 1618,  550, 5244,  4456, 4448,  550, 1642,  526, 526,  550, 1642,  526, 1642,  524, 528,  550, 552,  524, 1642,  526, 552,  526, 552,  526, 1642,  524, 552,  526, 526,  550, 1642,  526, 1616,  550, 526,  550, 1642,  526, 1616,  550, 552,  526, 1642,  526, 1616,  552, 1616,  552, 1616,  552, 1642,  526, 1640,  526, 550,  526, 1642,  526, 552,  526, 552,  526, 526,  550, 528,  548, 552,  526, 550,  526, 1642,  524, 552,  526, 552,  526, 1618,  550, 550,  526, 552,  526, 552,  526, 552,  526, 550,  526, 1614,  552, 1642,  524, 552,  524, 1642,  526, 1614,  552, 1640,  526, 1620,  548};  // COOLIX B2BF90
uint64_t data = 0xB2BF90;


Protocol  : COOLIX
Code      : 0xB2BFD0 (24 Bits)
Mesg Desc.: Power: On, Mode: 0 (Cool), Fan: 5 (Auto), Temp: 26C, Zone Follow: Off, Sensor Temp: Off
// 上一次为->制冷，自动风，温度27 --->>制冷，自动风，温度26
uint16_t rawData[199] = {4432, 4468,  524, 1616,  550, 528,  550, 1642,  524, 1644,  524, 552,  524, 552,  526, 1642,  526, 526,  550, 552,  524, 1644,  524, 552,  526, 526,  550, 1642,  524, 1642,  524, 528,  550, 1618,  550, 1618,  548, 530,  548, 1642,  524, 1616,  550, 1642,  526, 1642,  526, 1642,  526, 1642,  524, 528,  550, 1618,  550, 552,  524, 528,  548, 554,  524, 526,  550, 528,  550, 552,  526, 1642,  524, 1618,  548, 552,  524, 1644,  524, 526,  550, 528,  548, 528,  548, 528,  548, 530,  548, 528,  548, 1644,  524, 552,  524, 1618,  550, 1642,  524, 1618,  550, 1618,  550, 5246,  4456, 4472,  524, 1620,  548, 552,  524, 1618,  548, 1618,  548, 552,  524, 528,  550, 1618,  550, 552,  526, 528,  548, 1618,  548, 552,  526, 552,  524, 1618,  548, 1620,  548, 552,  526, 1616,  550, 1642,  524, 554,  524, 1618,  548, 1620,  548, 1642,  526, 1642,  526, 1618,  550, 1618,  550, 528,  548, 1642,  524, 552,  524, 552,  524, 528,  548, 552,  524, 552,  524, 552,  524, 1618,  548, 1620,  548, 552,  524, 1642,  524, 530,  548, 552,  526, 552,  524, 552,  524, 552,  524, 528,  550, 1642,  524, 526,  550, 1642,  524, 1642,  524, 1642,  524, 1620,  548};  // COOLIX B2BFD0
uint64_t data = 0xB2BFD0;

Protocol  : COOLIX
Code      : 0xB29FD0 (24 Bits)
Mesg Desc.: Power: On, Mode: 0 (Cool), Fan: 4 (Min), Temp: 26C, Zone Follow: Off, Sensor Temp: Off
// 上一次为->制冷，自动风，温度26 --->>制冷，低风，温度26
uint16_t rawData[199] = {4452, 4452,  542, 1624,  522, 578,  522, 1624,  544, 1644,  500, 558,  542, 532,  546, 1644,  522, 532,  544, 534,  522, 1646,  544, 556,  520, 556,  520, 1646,  500, 1668,  520, 534,  544, 1646,  500, 1644,  522, 554,  546, 534,  522, 1644,  542, 1626,  542, 1624,  544, 1624,  542, 1624,  546, 554,  522, 1644,  522, 1624,  544, 534,  542, 556,  500, 554,  544, 534,  544, 554,  522, 1624,  522, 1668,  500, 554,  546, 1622,  522, 578,  522, 532,  522, 556,  544, 534,  542, 534,  544, 556,  500, 1668,  500, 556,  544, 1644,  522, 1646,  520, 1624,  544, 1620,  544, 5274,  4404, 4500,  522, 1622,  544, 536,  542, 1624,  520, 1666,  522, 554,  522, 556,  522, 1622,  522, 578,  500, 578,  500, 1668,  522, 532,  522, 556,  522, 1644,  544, 1646,  522, 556,  500, 1668,  498, 1648,  542, 556,  522, 532,  544, 1622,  546, 1646,  498, 1668,  522, 1646,  520, 1646,  522, 554,  522, 1622,  546, 1620,  546, 534,  544, 532,  544, 556,  498, 554,  522, 578,  500, 1668,  500, 1646,  542, 534,  522, 1644,  524, 578,  520, 536,  520, 578,  522, 534,  522, 554,  544, 556,  522, 1624,  542, 536,  520, 1668,  522, 1644,  498, 1668,  500, 1668,  520};  // COOLIX B29FD0
uint64_t data = 0xB29FD0;


Protocol  : COOLIX
Code      : 0xB29F90 (24 Bits)
Mesg Desc.: Power: On, Mode: 0 (Cool), Fan: 4 (Min), Temp: 27C, Zone Follow: Off, Sensor Temp: Off
// 上一次为->制冷，自动风，温度27 --->>制冷，低风，温度27
uint16_t rawData[199] = {4434, 4468,  524, 1618,  550, 552,  526, 1642,  524, 1620,  548, 530,  546, 530,  548, 1620,  548, 552,  524, 528,  550, 1618,  548, 528,  550, 550,  526, 1618,  548, 1616,  550, 552,  524, 1642,  526, 1640,  524, 552,  526, 526,  550, 1618,  550, 1618,  548, 1642,  526, 1618,  548, 1642,  524, 552,  524, 1642,  524, 1616,  550, 552,  524, 552,  526, 552,  526, 528,  550, 552,  526, 1642,  526, 552,  526, 552,  524, 1642,  526, 528,  548, 528,  548, 552,  524, 526,  550, 552,  526, 1616,  550, 1618,  550, 552,  524, 1616,  550, 1618,  550, 1642,  526, 1642,  526, 5268,  4432, 4448,  550, 1616,  550, 552,  526, 1618,  550, 1618,  548, 552,  524, 552,  526, 1618,  548, 552,  524, 552,  526, 1616,  550, 552,  526, 526,  550, 1644,  524, 1642,  524, 528,  550, 1642,  526, 1620,  548, 552,  526, 552,  524, 1616,  550, 1618,  548, 1642,  526, 1642,  526, 1642,  524, 552,  524, 1618,  550, 1618,  548, 526,  552, 526,  550, 528,  548, 528,  550, 528,  548, 1642,  552, 524,  526, 552,  526, 1620,  548, 528,  548, 552,  526, 552,  526, 552,  526, 528,  550, 1618,  548, 1644,  524, 528,  548, 1618,  550, 1642,  524, 1642,  524, 1642,  524};  // COOLIX B29F90
uint64_t data = 0xB29F90;

Protocol  : COOLIX
Code      : 0xB29F80 (24 Bits)
Mesg Desc.: Power: On, Mode: 0 (Cool), Fan: 4 (Min), Temp: 28C, Zone Follow: Off, Sensor Temp: Off
// 上一次为->制冷，自动风，温度28 --->>制冷，低风，温度28
uint16_t rawData[199] = {4454, 4470,  524, 1622,  546, 554,  498, 1668,  520, 1624,  546, 532,  544, 556,  522, 1646,  522, 556,  500, 552,  524, 1644,  546, 532,  546, 532,  542, 1624,  546, 1644,  522, 556,  498, 1668,  522, 1644,  522, 530,  524, 578,  500, 1668,  522, 1644,  520, 1626,  542, 1646,  522, 1644,  524, 530,  544, 1646,  498, 1668,  522, 554,  522, 532,  546, 534,  520, 578,  522, 554,  522, 1622,  546, 554,  522, 554,  522, 532,  522, 578,  500, 556,  542, 532,  542, 534,  546, 534,  544, 1620,  548, 1622,  544, 1622,  522, 1644,  546, 1620,  548, 1642,  522, 1644,  500, 5272,  4450, 4454,  546, 1620,  546, 534,  542, 1646,  522, 1620,  546, 556,  520, 534,  520, 1646,  544, 534,  544, 532,  546, 1622,  522, 554,  544, 534,  522, 1668,  520, 1624,  544, 534,  544, 1644,  520, 1646,  522, 534,  544, 532,  524, 1648,  518, 1668,  522, 1622,  546, 1624,  542, 1646,  522, 532,  544, 1624,  522, 1644,  546, 554,  522, 532,  544, 556,  522, 530,  544, 534,  522, 1646,  542, 554,  500, 578,  522, 532,  544, 556,  522, 554,  524, 530,  522, 578,  522, 556,  520, 1624,  542, 1646,  500, 1668,  522, 1644,  520, 1624,  544, 1646,  522, 1622,  544};  // COOLIX B29F80
uint64_t data = 0xB29F80;


Protocol  : COOLIX
Code      : 0xB23F80 (24 Bits)
Mesg Desc.: Power: On, Mode: 0 (Cool), Fan: 1 (Max), Temp: 28C, Zone Follow: Off, Sensor Temp: Off
// 上一次为->制冷，中，温度28 --->>制冷，高风，温度28
uint16_t rawData[199] = {4458, 4444,  548, 1620,  548, 552,  524, 1618,  548, 1620,  546, 552,  524, 554,  526, 1620,  548, 552,  524, 552,  524, 1644,  524, 530,  546, 530,  546, 1644,  526, 1618,  548, 530,  546, 1644,  524, 530,  548, 552,  524, 1620,  548, 1618,  548, 1620,  548, 1642,  526, 1618,  548, 1642,  526, 1616,  550, 1618,  548, 552,  526, 552,  524, 528,  548, 528,  550, 554,  522, 528,  550, 1618,  548, 530,  548, 530,  548, 530,  546, 528,  550, 526,  550, 528,  548, 530,  546, 552,  526, 1642,  524, 1620,  548, 1642,  524, 1618,  550, 1620,  546, 1618,  548, 1642,  524, 5270,  4432, 4448,  550, 1642,  524, 530,  548, 1642,  524, 1620,  548, 528,  548, 552,  524, 1618,  548, 528,  548, 530,  548, 1620,  548, 528,  548, 526,  550, 1642,  524, 1616,  550, 552,  526, 1618,  548, 530,  548, 552,  524, 1618,  548, 1620,  548, 1642,  524, 1620,  548, 1618,  548, 1618,  548, 1642,  524, 1644,  524, 552,  526, 530,  546, 528,  550, 552,  524, 530,  546, 552,  524, 1642,  524, 528,  548, 554,  524, 552,  524, 530,  548, 528,  548, 552,  526, 528,  550, 528,  548, 1620,  548, 1620,  548, 1642,  524, 1618,  550, 1620,  548, 1618,  548, 1618,  548};  // COOLIX B23F80
uint64_t data = 0xB23F80;



Protocol  : COOLIX
Code      : 0xB23F90 (24 Bits)
Mesg Desc.: Power: On, Mode: 0 (Cool), Fan: 1 (Max), Temp: 27C, Zone Follow: Off, Sensor Temp: Off
// 上一次为->制冷，中，温度27 --->>制冷，高风，温度27
uint16_t rawData[199] = {4432, 4444,  550, 1642,  524, 526,  550, 1620,  548, 1620,  548, 526,  550, 552,  526, 1642,  524, 528,  550, 528,  550, 1620,  548, 552,  524, 552,  524, 1618,  548, 1620,  546, 552,  524, 1618,  548, 530,  548, 526,  550, 1616,  550, 1644,  524, 1620,  548, 1620,  548, 1618,  548, 1618,  550, 1642,  524, 1620,  548, 528,  550, 528,  548, 528,  550, 552,  524, 552,  524, 530,  548, 1644,  522, 532,  546, 528,  550, 1620,  548, 528,  548, 552,  522, 530,  548, 530,  546, 528,  550, 1618,  548, 1642,  526, 526,  550, 1620,  546, 1616,  552, 1642,  524, 1644,  524, 5268,  4432, 4448,  550, 1616,  550, 552,  524, 1618,  550, 1618,  550, 528,  548, 552,  524, 1642,  524, 528,  548, 552,  526, 1618,  548, 552,  524, 530,  548, 1618,  548, 1620,  548, 552,  526, 1618,  548, 528,  548, 552,  524, 1642,  524, 1644,  524, 1642,  524, 1620,  548, 1642,  524, 1642,  524, 1642,  524, 1642,  524, 552,  524, 528,  548, 552,  524, 552,  524, 552,  524, 528,  548, 1620,  548, 530,  548, 552,  524, 1642,  526, 550,  524, 552,  526, 530,  548, 552,  524, 528,  548, 1620,  548, 1644,  524, 530,  548, 1618,  548, 1618,  550, 1618,  550, 1618,  548};  // COOLIX B23F90
uint64_t data = 0xB23F90;


Protocol  : COOLIX
Code      : 0xB23FD0 (24 Bits)
Mesg Desc.: Power: On, Mode: 0 (Cool), Fan: 1 (Max), Temp: 26C, Zone Follow: Off, Sensor Temp: Off
// 上一次为->制冷，中，温度26--->>制冷，高风，温度26
uint16_t rawData[199] = {4454, 4448,  546, 1622,  544, 534,  546, 1622,  544, 1646,  522, 532,  544, 554,  522, 1646,  524, 554,  522, 532,  544, 1624,  544, 532,  546, 532,  542, 1622,  546, 1646,  522, 532,  544, 1622,  546, 554,  522, 554,  500, 1668,  500, 1668,  522, 1620,  546, 1622,  544, 1624,  544, 1644,  522, 1624,  522, 1668,  498, 556,  542, 532,  544, 556,  522, 532,  522, 556,  520, 556,  544, 1624,  544, 1624,  542, 554,  522, 1622,  544, 556,  522, 554,  522, 554,  522, 532,  546, 554,  500, 578,  520, 1624,  544, 532,  546, 1620,  544, 1646,  522, 1620,  522, 1648,  520, 5272,  4452, 4476,  500, 1668,  522, 556,  522, 1622,  544, 1644,  524, 530,  546, 556,  522, 1644,  522, 534,  520, 556,  542, 1624,  542, 534,  522, 556,  522, 1668,  498, 1644,  522, 556,  544, 1622,  544, 556,  522, 556,  520, 1646,  522, 1646,  522, 1646,  498, 1668,  522, 1644,  522, 1644,  522, 1644,  500, 1668,  520, 534,  546, 554,  522, 532,  544, 534,  544, 530,  546, 532,  542, 1646,  500, 1646,  542, 532,  544, 1646,  522, 534,  546, 554,  522, 534,  544, 534,  542, 534,  546, 530,  546, 1622,  546, 532,  544, 1622,  544, 1646,  522, 1622,  546, 1622,  544};  // COOLIX B23FD0
uint64_t data = 0xB23FD0;



Protocol  : COOLIX
Code      : 0xB23F90 (24 Bits)
Mesg Desc.: Power: On, Mode: 0 (Cool), Fan: 1 (Max), Temp: 27C, Zone Follow: Off, Sensor Temp: Off
// 上一次为->制冷，高，温度28 --->>制冷，高风，温度27
uint16_t rawData[199] = {4404, 4474,  520, 1670,  520, 556,  500, 1646,  520, 1668,  522, 556,  520, 556,  500, 1670,  520, 556,  522, 556,  498, 1668,  520, 558,  520, 556,  500, 1668,  522, 1648,  498, 578,  520, 1626,  520, 556,  544, 556,  498, 1668,  500, 1668,  498, 1666,  522, 1648,  498, 1644,  544, 1624,  542, 1626,  540, 1646,  520, 536,  542, 534,  542, 560,  498, 578,  520, 556,  520, 554,  522, 1624,  522, 578,  520, 556,  520, 1646,  498, 578,  520, 558,  520, 536,  540, 558,  500, 576,  520, 1646,  520, 1650,  518, 556,  520, 1646,  522, 1648,  498, 1668,  500, 1668,  522, 5250,  4426, 4502,  498, 1668,  500, 578,  498, 1646,  542, 1624,  542, 558,  498, 578,  500, 1668,  520, 558,  518, 558,  498, 1670,  518, 556,  520, 558,  498, 1668,  520, 1648,  498, 578,  498, 1646,  540, 558,  500, 578,  498, 1670,  498, 1668,  520, 1650,  518, 1646,  520, 1648,  498, 1668,  520, 1648,  498, 1668,  498, 578,  520, 556,  520, 556,  522, 556,  498, 576,  500, 578,  498, 1668,  498, 576,  522, 558,  518, 1628,  520, 578,  500, 578,  498, 578,  520, 558,  498, 556,  542, 1648,  518, 1626,  540, 558,  498, 1646,  522, 1668,  498, 1670,  498, 1668,  520};  // COOLIX B23F90
uint64_t data = 0xB23F90;


Protocol  : COOLIX
Code      : 0xB23FD0 (24 Bits)
Mesg Desc.: Power: On, Mode: 0 (Cool), Fan: 1 (Max), Temp: 26C, Zone Follow: Off, Sensor Temp: Off
// 上一次为->制冷，高，温度27--->>制冷，高风，温度26
uint16_t rawData[199] = {4458, 4468,  524, 1620,  548, 552,  524, 1618,  548, 1644,  524, 554,  524, 552,  524, 1618,  550, 552,  524, 552,  524, 1642,  524, 528,  550, 552,  524, 1642,  524, 1618,  550, 528,  548, 1618,  548, 552,  524, 552,  524, 1618,  548, 1644,  524, 1618,  550, 1618,  548, 1616,  552, 1642,  524, 1642,  524, 1620,  548, 552,  524, 552,  524, 530,  548, 528,  550, 552,  524, 552,  524, 1618,  550, 1642,  524, 526,  552, 1618,  548, 526,  550, 528,  548, 528,  548, 552,  524, 530,  548, 552,  524, 1642,  524, 530,  548, 1642,  524, 1642,  524, 1620,  548, 1620,  548, 5246,  4456, 4450,  548, 1642,  524, 528,  550, 1642,  526, 1616,  548, 554,  524, 528,  550, 1642,  524, 528,  548, 528,  550, 1620,  546, 530,  548, 530,  548, 1618,  548, 1642,  524, 552,  526, 1616,  550, 528,  550, 552,  524, 1618,  548, 1622,  546, 1620,  548, 1618,  548, 1620,  548, 1642,  524, 1618,  550, 1616,  550, 554,  524, 552,  526, 528,  548, 530,  548, 552,  524, 552,  524, 1618,  550, 1642,  526, 528,  548, 1642,  526, 528,  548, 552,  524, 528,  548, 528,  548, 554,  524, 530,  548, 1618,  548, 552,  526, 1642,  526, 1642,  524, 1618,  548, 1620,  546};  // COOLIX B23FD0
uint64_t data = 0xB23FD0;

